221002
221007
221011
221013
238030
242002
242009
244003
244005
244006
244014
246002
247001
247027
247035
247044
247045
249003
251001
251007
261010
262003
267003
267005
271005
272006
011008
011010
011013
011019
011024
011027
012007
012021
012026
012027
013007
013010
013013
014009
015006
015023
015026
016004
016015
017010
017011
017012
017025
017026
017028
017033
019029
01A004
01A006
01A009
01A016
01A019
01A021
01B005
01B007
01B009
01B014
01B015
01D002
01D005
01D008
01D022
01D026
01D028
01D029
01D030
01D031
01D035
01D036
01D041
01D043
01D047
01D052
01F002
01F006
01G003
01G024
01G026
01G030
01G031
01H001
01H004
01K003
01K021
01K025
01K032
01K033
01M005
01M011
01N001
01N002
01N006
01N007
01N008
01Q002
021903
021A24
021B06
021G03
021L02
021L04
021Q03
022010
031010
034018
035006
038003
038007
038017
039007
039010
041001
041029
041038
051001
051024
051030
061001
061002
061003
061017
061024
061025
071013
071035
081001
081002
081004
081009
081010
082010
082011
082013
082029
082032
082033
082035
082046
082049
201001
20111018
20111228
20111384
20111423
20111482
20111487
2012256
2013100
20131040
20141002
20141003
20141008
20141011
20141020
20141036
20141037
20141042
20141061
20141164
20141181
20141496
20141762
20152082
206001
212005
214013
272010
281007
281012
281016
281017
281027
281035
281036
281037
281054
291002
291009
302004
405011
405019
407001
409003
410024
501007
502011
502013
701045
701326